# /dev/cpu_dma_latency set to 0us
# Histogram
000000 000000
000001 000000
000002 000000
000003 000000
000004 000000
000005 000000
000006 000000
000007 000000
000008 000000
000009 000000
000010 000000
000011 000000
000012 000000
000013 000000
000014 000000
000015 000000
000016 000000
000017 000000
000018 000000
000019 000000
000020 000000
000021 000003
000022 000257
000023 000136
000024 000441
000025 002096
000026 002774
000027 002676
000028 002869
000029 005464
000030 010550
000031 008182
000032 005169
000033 003878
000034 003105
000035 002383
000036 001727
000037 001267
000038 000961
000039 000763
000040 000612
000041 000416
000042 000324
000043 000218
000044 000189
000045 000180
000046 000164
000047 000153
000048 000215
000049 000175
000050 000193
000051 000164
000052 000167
000053 000119
000054 000119
000055 000093
000056 000091
000057 000069
000058 000085
000059 000080
000060 000065
000061 000068
000062 000063
000063 000054
000064 000058
000065 000057
000066 000051
000067 000037
000068 000037
000069 000030
000070 000030
000071 000025
000072 000027
000073 000021
000074 000033
000075 000028
000076 000022
000077 000027
000078 000020
000079 000016
000080 000023
000081 000018
000082 000008
000083 000022
000084 000020
000085 000020
000086 000019
000087 000028
000088 000026
000089 000025
000090 000023
000091 000021
000092 000018
000093 000014
000094 000013
000095 000012
000096 000011
000097 000008
000098 000009
000099 000008
000100 000006
000101 000005
000102 000008
000103 000008
000104 000007
000105 000003
000106 000009
000107 000003
000108 000006
000109 000005
000110 000009
000111 000005
000112 000001
000113 000005
000114 000001
000115 000004
000116 000002
000117 000007
000118 000004
000119 000002
000120 000001
000121 000004
000122 000001
000123 000001
000124 000002
000125 000002
000126 000002
000127 000002
000128 000008
000129 000003
000130 000001
000131 000002
000132 000000
000133 000004
000134 000003
000135 000003
000136 000001
000137 000002
000138 000001
000139 000003
000140 000000
000141 000001
000142 000000
000143 000002
000144 000001
000145 000001
000146 000000
000147 000002
000148 000002
000149 000001
000150 000000
000151 000001
000152 000004
000153 000004
000154 000002
000155 000002
000156 000004
000157 000003
000158 000000
000159 000000
000160 000002
000161 000002
000162 000003
000163 000004
000164 000002
000165 000002
000166 000001
000167 000002
000168 000001
000169 000002
000170 000001
000171 000001
000172 000001
000173 000000
000174 000001
000175 000001
000176 000004
000177 000000
000178 000002
000179 000002
000180 000004
000181 000002
000182 000001
000183 000002
000184 000002
000185 000000
000186 000001
000187 000000
000188 000002
000189 000000
000190 000001
000191 000002
000192 000002
000193 000000
000194 000001
000195 000003
000196 000000
000197 000003
000198 000000
000199 000003
000200 000000
000201 000002
000202 000002
000203 000002
000204 000002
000205 000003
000206 000002
000207 000003
000208 000002
000209 000002
000210 000002
000211 000001
000212 000000
000213 000000
000214 000001
000215 000000
000216 000001
000217 000001
000218 000000
000219 000001
000220 000003
000221 000000
000222 000000
000223 000000
000224 000001
000225 000000
000226 000001
000227 000001
000228 000001
000229 000000
000230 000000
000231 000001
000232 000002
000233 000001
000234 000000
000235 000002
000236 000001
000237 000000
000238 000000
000239 000001
000240 000000
000241 000000
000242 000000
000243 000001
000244 000003
000245 000000
000246 000001
000247 000001
000248 000000
000249 000000
000250 000002
000251 000000
000252 000000
000253 000001
000254 000000
000255 000001
000256 000001
000257 000001
000258 000001
000259 000000
000260 000000
000261 000002
000262 000001
000263 000001
000264 000000
000265 000000
000266 000000
000267 000001
000268 000002
000269 000001
000270 000001
000271 000000
000272 000001
000273 000000
000274 000001
000275 000000
000276 000001
000277 000000
000278 000001
000279 000001
000280 000001
000281 000000
000282 000002
000283 000002
000284 000002
000285 000003
000286 000000
000287 000000
000288 000000
000289 000001
000290 000002
000291 000000
000292 000001
000293 000000
000294 000000
000295 000001
000296 000000
000297 000000
000298 000000
000299 000000
000300 000000
000301 000000
000302 000002
000303 000001
000304 000000
000305 000001
000306 000002
000307 000000
000308 000001
000309 000001
000310 000000
000311 000000
000312 000003
000313 000000
000314 000000
000315 000001
000316 000003
000317 000002
000318 000000
000319 000002
000320 000000
000321 000000
000322 000000
000323 000000
000324 000000
000325 000000
000326 000000
000327 000001
000328 000002
000329 000001
000330 000000
000331 000001
000332 000001
000333 000001
000334 000002
000335 000000
000336 000000
000337 000000
000338 000000
000339 000001
000340 000000
000341 000000
000342 000000
000343 000000
000344 000000
000345 000000
000346 000000
000347 000001
000348 000000
000349 000000
000350 000000
000351 000000
000352 000000
000353 000000
000354 000001
000355 000000
000356 000000
000357 000001
000358 000000
000359 000000
000360 000000
000361 000000
000362 000000
000363 000000
000364 000000
000365 000000
000366 000000
000367 000000
000368 000000
000369 000000
000370 000000
000371 000000
000372 000001
000373 000000
000374 000000
000375 000000
000376 000000
000377 000000
000378 000000
000379 000000
000380 000000
000381 000001
000382 000000
000383 000000
000384 000000
000385 000000
000386 000000
000387 000000
000388 000000
000389 000000
000390 000000
000391 000000
000392 000000
000393 000000
000394 000000
000395 000000
000396 000000
000397 000001
000398 000000
000399 000000
# Total: 000060000
# Min Latencies: 00021
# Avg Latencies: 00033
# Max Latencies: 00397
# Histogram Overflows: 00000
# Histogram Overflow at cycle number:
# Thread 0:

